
Date, Winning Numbers (As Drawn), Lucky Stars (As Drawn)
10/05/2011, 28, 3, 45, 10, 15, 7, 5
13/05/2011, 17, 47, 11, 36, 9, 2, 1
17/05/2011, 37, 20, 21, 45, 46, 3, 2
20/05/2011, 42, 25, 10, 20, 14, 8, 11
24/05/2011, 16, 23, 24, 29, 26, 2, 9
27/05/2011, 28, 9, 49, 25, 17, 9, 8
31/05/2011, 22, 9, 10, 50, 1, 11, 5
03/06/2011, 49, 40, 50, 39, 4, 2, 5
07/06/2011, 25, 38, 40, 6, 36, 10, 4
10/06/2011, 37, 20, 3, 48, 19, 8, 11
14/06/2011, 41, 19, 48, 5, 12, 8, 10
17/06/2011, 11, 22, 21, 16, 44, 8, 3
21/06/2011, 49, 50, 20, 17, 35, 4, 3
24/06/2011, 41, 20, 5, 30, 16, 11, 6
28/06/2011, 16, 15, 44, 30, 50, 3, 2
01/07/2011, 11, 23, 31, 8, 46, 9, 8
05/07/2011, 28, 47, 29, 11, 49, 5, 1
08/07/2011, 12, 13, 40, 49, 23, 7, 10
12/07/2011, 19, 17, 42, 45, 38, 9, 10
15/07/2011, 26, 6, 33, 39, 34, 3, 4
19/07/2011, 16, 3, 25, 35, 26, 5, 9
22/07/2011, 4, 50, 15, 49, 23, 2, 6
26/07/2011, 5, 1, 25, 48, 22, 11, 3
29/07/2011, 37, 38, 19, 27, 12, 5, 10
02/08/2011, 8, 33, 14, 24, 5, 8, 3
05/08/2011, 34, 32, 18, 14, 13, 1, 10
09/08/2011, 36, 24, 34, 7, 23, 11, 8
12/08/2011, 7, 20, 37, 10, 27, 7, 4
16/08/2011, 45, 18, 1, 13, 17, 8, 3
19/08/2011, 16, 6, 31, 28, 14, 11, 2
23/08/2011, 42, 50, 6, 14, 4, 2, 4
26/08/2011, 25, 45, 22, 33, 12, 5, 7
30/08/2011, 46, 8, 2, 10, 19, 5, 9
02/09/2011, 37, 12, 26, 38, 44, 4, 7
06/09/2011, 42, 35, 50, 48, 47, 9, 8
09/09/2011, 21, 5, 34, 31, 28, 2, 1
13/09/2011, 28, 32, 49, 9, 30, 9, 10
16/09/2011, 39, 2, 42, 17, 8, 3, 10
20/09/2011, 25, 38, 19, 9, 36, 11, 7
23/09/2011, 6, 33, 48, 14, 34, 6, 2
27/09/2011, 28, 18, 40, 27, 35, 3, 5
30/09/2011, 28, 15, 44, 31, 5, 1, 6
04/10/2011, 14, 16, 23, 45, 38, 8, 11
07/10/2011, 42, 34, 18, 38, 26, 8, 5
11/10/2011, 12, 16, 4, 1, 48, 9, 10
14/10/2011, 47, 23, 12, 29, 32, 3, 5
18/10/2011, 46, 18, 37, 48, 23, 2, 10
21/10/2011, 37, 19, 2, 33, 46, 5, 8
25/10/2011, 39, 28, 22, 12, 27, 4, 10
28/10/2011, 39, 16, 20, 17, 50, 4, 8
01/11/2011, 20, 45, 23, 14, 46, 1, 11
04/11/2011, 41, 50, 11, 43, 14, 9, 2
08/11/2011, 40, 15, 4, 29, 1, 1, 5
11/11/2011, 30, 18, 1, 4, 23, 3, 7
15/11/2011, 47, 17, 22, 6, 45, 3, 11
18/11/2011, 39, 44, 24, 4, 12, 2, 4
22/11/2011, 16, 40, 38, 24, 18, 2, 4
25/11/2011, 34, 14, 26, 19, 28, 5, 8
29/11/2011, 25, 50, 11, 45, 41, 7, 2
02/12/2011, 27, 40, 7, 43, 30, 9, 8
06/12/2011, 34, 21, 20, 38, 19, 9, 3
09/12/2011, 21, 12, 47, 44, 29, 2, 1
13/12/2011, 12, 37, 18, 33, 7, 1, 11
16/12/2011, 10, 2, 23, 31, 5, 5, 2
20/12/2011, 14, 48, 1, 9, 12, 7, 1
23/12/2011, 22, 7, 24, 28, 21, 1, 11
27/12/2011, 26, 21, 25, 19, 44, 7, 3
30/12/2011, 36, 44, 43, 16, 50, 8, 7
03/01/2012, 42, 30, 45, 3, 49, 5, 10
06/01/2012, 1, 6, 10, 31, 12, 7, 2
10/01/2012, 9, 4, 30, 10, 40, 9, 2
13/01/2012, 39, 13, 21, 14, 27, 8, 6
17/01/2012, 12, 44, 22, 30, 31, 5, 6
20/01/2012, 10, 28, 27, 2, 22, 8, 6
24/01/2012, 1, 20, 6, 2, 36, 11, 8
27/01/2012, 10, 19, 44, 13, 39, 6, 2
31/01/2012, 43, 34, 38, 9, 45, 4, 2
03/02/2012, 16, 20, 19, 25, 28, 1, 10
07/02/2012, 15, 3, 17, 33, 28, 2, 4
10/02/2012, 3, 14, 31, 41, 8, 7, 11
14/02/2012, 36, 14, 42, 46, 27, 11, 8
17/02/2012, 11, 4, 47, 28, 38, 11, 10
21/02/2012, 11, 24, 14, 25, 29, 11, 7
24/02/2012, 34, 3, 12, 26, 7, 10, 8
28/02/2012, 10, 48, 1, 17, 33, 2, 3
02/03/2012, 44, 5, 11, 6, 30, 6, 2
06/03/2012, 23, 47, 27, 37, 24, 6, 2
09/03/2012, 39, 36, 32, 47, 3, 6, 9
13/03/2012, 47, 1, 25, 10, 43, 8, 9
16/03/2012, 12, 4, 50, 3, 23, 4, 7
20/03/2012, 28, 30, 15, 16, 46, 3, 4
23/03/2012, 50, 15, 9, 23, 31, 8, 11
27/03/2012, 29, 36, 27, 34, 24, 7, 8
30/03/2012, 46, 17, 23, 4, 36, 10, 6
03/04/2012, 1, 8, 18, 25, 30, 10, 9
06/04/2012, 11, 35, 45, 20, 30, 2, 3
10/04/2012, 37, 27, 22, 25, 36, 9, 5
13/04/2012, 8, 39, 43, 13, 26, 3, 5
17/04/2012, 10, 28, 49, 48, 33, 10, 1
20/04/2012, 32, 41, 29, 3, 6, 11, 10
24/04/2012, 8, 24, 48, 43, 9, 3, 5
27/04/2012, 36, 43, 30, 27, 20, 1, 6
01/05/2012, 4, 15, 41, 5, 19, 11, 9
04/05/2012, 26, 41, 40, 39, 3, 1, 2
08/05/2012, 3, 34, 48, 38, 21, 5, 8
11/05/2012, 1, 17, 13, 44, 38, 2, 11
15/05/2012, 13, 2, 50, 11, 26, 5, 2
18/05/2012, 29, 50, 43, 47, 13, 9, 11
22/05/2012, 31, 32, 41, 16, 37, 7, 1
25/05/2012, 35, 12, 22, 49, 46, 2, 8
29/05/2012, 28, 17, 25, 15, 8, 3, 11
01/06/2012, 26, 2, 36, 14, 4, 9, 10
05/06/2012, 13, 49, 37, 47, 34, 8, 9
08/06/2012, 11, 22, 5, 34, 40, 9, 11
12/06/2012, 30, 26, 48, 15, 8, 9, 10
15/06/2012, 48, 38, 27, 22, 10, 3, 7
19/06/2012, 17, 20, 50, 7, 35, 5, 11
22/06/2012, 18, 14, 19, 43, 49, 7, 3
26/06/2012, 11, 22, 35, 20, 1, 10, 8
29/06/2012, 14, 17, 28, 39, 29, 11, 1
03/07/2012, 22, 7, 2, 40, 27, 6, 3
06/07/2012, 40, 42, 38, 31, 32, 3, 1
10/07/2012, 37, 1, 24, 16, 3, 8, 1
13/07/2012, 18, 46, 35, 25, 8, 9, 4
17/07/2012, 24, 2, 43, 7, 46, 10, 8
20/07/2012, 19, 23, 10, 45, 49, 9, 10
24/07/2012, 18, 25, 4, 16, 44, 11, 1
27/07/2012, 15, 48, 14, 23, 21, 2, 10
31/07/2012, 35, 39, 4, 36, 29, 9, 8
03/08/2012, 34, 35, 42, 24, 46, 5, 1
07/08/2012, 20, 50, 34, 46, 27, 3, 2
10/08/2012, 50, 21, 17, 48, 11, 9, 10
14/08/2012, 45, 16, 42, 1, 38, 9, 10
17/08/2012, 19, 25, 33, 44, 28, 8, 2
21/08/2012, 17, 5, 38, 4, 48, 4, 3
24/08/2012, 6, 5, 19, 37, 12, 7, 3
28/08/2012, 1, 26, 25, 44, 18, 5, 4
31/08/2012, 31, 28, 16, 48, 33, 11, 7
04/09/2012, 18, 39, 17, 44, 11, 10, 5
07/09/2012, 15, 35, 13, 30, 42, 4, 6
11/09/2012, 15, 6, 37, 22, 44, 2, 4
14/09/2012, 27, 10, 44, 23, 3, 9, 7
18/09/2012, 38, 7, 39, 44, 6, 7, 9
21/09/2012, 41, 4, 34, 43, 19, 7, 11
25/09/2012, 48, 25, 27, 49, 7, 1, 4
28/09/2012, 20, 26, 30, 33, 23, 6, 9
02/10/2012, 16, 42, 21, 36, 4, 8, 7
05/10/2012, 19, 16, 18, 21, 9, 3, 2
09/10/2012, 23, 8, 10, 25, 2, 8, 9
12/10/2012, 35, 7, 17, 43, 6, 2, 8
16/10/2012, 41, 10, 40, 49, 32, 2, 8
19/10/2012, 16, 40, 44, 37, 29, 8, 10
23/10/2012, 1, 35, 38, 50, 28, 2, 10
26/10/2012, 9, 5, 6, 38, 27, 5, 11
30/10/2012, 23, 44, 25, 24, 31, 2, 3
02/11/2012, 6, 10, 3, 44, 11, 3, 4
06/11/2012, 35, 25, 20, 41, 7, 1, 9
09/11/2012, 47, 28, 14, 21, 22, 5, 4
13/11/2012, 29, 11, 21, 24, 16, 6, 2
16/11/2012, 15, 19, 41, 23, 10, 2, 9
20/11/2012, 42, 28, 45, 30, 49, 10, 5
23/11/2012, 11, 20, 40, 9, 1, 5, 1
27/11/2012, 49, 44, 6, 10, 23, 7, 1
30/11/2012, 18, 23, 40, 24, 10, 3, 4
04/12/2012, 29, 5, 28, 44, 10, 2, 4
07/12/2012, 10, 18, 31, 42, 16, 2, 5
11/12/2012, 50, 4, 9, 1, 43, 6, 8
14/12/2012, 40, 29, 11, 43, 10, 11, 3
18/12/2012, 35, 14, 44, 18, 20, 5, 2
21/12/2012, 40, 5, 3, 42, 22, 3, 10
25/12/2012, 14, 20, 32, 23, 18, 3, 10
28/12/2012, 26, 49, 27, 24, 17, 3, 5
01/01/2013, 36, 49, 2, 7, 8, 11, 1
04/01/2013, 4, 10, 27, 22, 41, 10, 8
08/01/2013, 22, 26, 47, 2, 20, 9, 5
11/01/2013, 37, 22, 29, 4, 41, 7, 4
15/01/2013, 47, 42, 22, 40, 38, 11, 1
18/01/2013, 39, 26, 27, 30, 4, 10, 3
22/01/2013, 45, 10, 48, 1, 44, 4, 1
25/01/2013, 3, 10, 37, 18, 31, 2, 4
29/01/2013, 9, 16, 36, 26, 39, 6, 2
01/02/2013, 37, 5, 34, 38, 21, 1, 6
05/02/2013, 25, 6, 45, 40, 31, 6, 7
08/02/2013, 14, 44, 11, 34, 9, 11, 10
12/02/2013, 28, 25, 5, 11, 16, 7, 9
15/02/2013, 2, 4, 42, 28, 22, 4, 9
19/02/2013, 28, 30, 44, 12, 15, 9, 8
22/02/2013, 15, 37, 36, 16, 28, 2, 11
26/02/2013, 12, 13, 17, 3, 30, 6, 2
01/03/2013, 1, 11, 36, 29, 42, 4, 5
05/03/2013, 33, 31, 19, 8, 39, 7, 2
08/03/2013, 20, 42, 23, 28, 3, 8, 11
12/03/2013, 50, 4, 10, 2, 22, 5, 8
15/03/2013, 24, 14, 39, 4, 21, 10, 3
19/03/2013, 44, 32, 19, 37, 35, 9, 1
22/03/2013, 27, 32, 12, 34, 49, 9, 8
26/03/2013, 44, 30, 26, 42, 4, 6, 11
29/03/2013, 44, 30, 46, 43, 13, 9, 5
02/04/2013, 17, 12, 41, 29, 25, 1, 4
05/04/2013, 32, 1, 17, 39, 11, 7, 2
09/04/2013, 15, 44, 48, 38, 35, 10, 5
12/04/2013, 28, 45, 15, 5, 10, 3, 9
16/04/2013, 33, 50, 22, 1, 11, 4, 6
19/04/2013, 1, 46, 8, 42, 48, 4, 7
23/04/2013, 50, 4, 1, 7, 10, 4, 11
26/04/2013, 40, 38, 16, 24, 11, 2, 5
30/04/2013, 13, 50, 40, 43, 36, 9, 5
03/05/2013, 5, 49, 34, 3, 40, 2, 3
07/05/2013, 43, 27, 13, 28, 42, 4, 6
10/05/2013, 48, 35, 45, 1, 32, 4, 11
14/05/2013, 24, 7, 8, 36, 27, 11, 5
17/05/2013, 25, 24, 50, 6, 20, 9, 10
21/05/2013, 29, 19, 8, 28, 7, 9, 5
24/05/2013, 22, 17, 40, 7, 27, 2, 3
28/05/2013, 34, 38, 13, 8, 26, 3, 11
31/05/2013, 29, 43, 28, 34, 27, 10, 5
04/06/2013, 34, 33, 40, 31, 37, 6, 1
07/06/2013, 14, 26, 45, 50, 7, 2, 7
11/06/2013, 7, 9, 25, 5, 41, 5, 1
14/06/2013, 41, 25, 48, 10, 47, 6, 10
18/06/2013, 24, 33, 17, 41, 44, 11, 1
21/06/2013, 30, 11, 36, 45, 10, 1, 2
25/06/2013, 4, 13, 35, 27, 5, 2, 1
28/06/2013, 15, 1, 47, 28, 35, 7, 1
02/07/2013, 14, 13, 11, 28, 30, 4, 5
05/07/2013, 28, 4, 33, 12, 15, 1, 10
09/07/2013, 18, 16, 38, 49, 31, 10, 4
12/07/2013, 26, 42, 33, 18, 32, 3, 2
16/07/2013, 50, 34, 47, 19, 23, 4, 6
19/07/2013, 24, 35, 13, 26, 16, 5, 2
23/07/2013, 19, 14, 44, 16, 15, 4, 5
26/07/2013, 23, 38, 29, 12, 49, 4, 3
30/07/2013, 3, 14, 4, 11, 43, 1, 6
02/08/2013, 42, 36, 48, 37, 21, 7, 4
06/08/2013, 17, 47, 16, 49, 31, 3, 11
09/08/2013, 24, 4, 23, 7, 9, 9, 8
13/08/2013, 5, 20, 47, 17, 50, 1, 4
16/08/2013, 39, 20, 24, 37, 27, 5, 10
20/08/2013, 42, 11, 50, 49, 5, 8, 11
23/08/2013, 30, 37, 26, 6, 1, 8, 5
27/08/2013, 7, 40, 38, 43, 30, 6, 2
30/08/2013, 45, 25, 17, 36, 2, 5, 9
03/09/2013, 5, 18, 16, 42, 9, 7, 9
06/09/2013, 25, 11, 32, 23, 37, 7, 4
10/09/2013, 7, 28, 30, 14, 11, 2, 10
13/09/2013, 14, 27, 6, 4, 33, 10, 5
17/09/2013, 44, 17, 21, 42, 13, 11, 9
20/09/2013, 5, 11, 38, 35, 45, 2, 3
24/09/2013, 43, 20, 10, 28, 26, 9, 11
27/09/2013, 41, 15, 11, 38, 43, 6, 2
01/10/2013, 19, 44, 48, 25, 23, 9, 8
04/10/2013, 50, 35, 6, 24, 20, 5, 10
08/10/2013, 23, 24, 33, 42, 26, 5, 3
11/10/2013, 6, 17, 23, 12, 43, 5, 9
15/10/2013, 39, 18, 27, 43, 47, 7, 4
18/10/2013, 25, 36, 47, 46, 5, 2, 6
22/10/2013, 39, 33, 29, 44, 41, 9, 11
25/10/2013, 2, 31, 38, 3, 10, 6, 10
29/10/2013, 32, 9, 10, 30, 37, 6, 2
01/11/2013, 19, 33, 29, 30, 7, 3, 8
05/11/2013, 35, 38, 12, 13, 6, 2, 3
08/11/2013, 35, 20, 42, 43, 28, 8, 10
12/11/2013, 29, 48, 40, 37, 14, 11, 2
15/11/2013, 13, 42, 3, 15, 29, 4, 1
19/11/2013, 45, 14, 19, 36, 15, 1, 10
22/11/2013, 40, 26, 13, 25, 50, 8, 9
26/11/2013, 44, 27, 23, 42, 19, 5, 3
29/11/2013, 10, 23, 7, 2, 43, 4, 7
03/12/2013, 32, 6, 29, 15, 13, 2, 9
06/12/2013, 18, 31, 36, 2, 1, 7, 10
10/12/2013, 49, 50, 24, 6, 35, 7, 1
13/12/2013, 24, 22, 23, 1, 31, 6, 11
17/12/2013, 41, 6, 8, 37, 27, 7, 10
20/12/2013, 13, 22, 17, 43, 12, 10, 3
24/12/2013, 5, 31, 43, 50, 19, 6, 2
27/12/2013, 1, 22, 6, 13, 28, 10, 5
31/12/2013, 29, 45, 24, 20, 13, 7, 3
03/01/2014, 3, 44, 27, 38, 31, 3, 8
07/01/2014, 2, 45, 20, 27, 33, 6, 10
10/01/2014, 1, 27, 2, 11, 29, 10, 1
14/01/2014, 25, 18, 20, 26, 37, 11, 10
17/01/2014, 26, 19, 33, 42, 32, 10, 4
21/01/2014, 4, 42, 35, 48, 12, 5, 8
24/01/2014, 19, 41, 35, 34, 5, 1, 5
28/01/2014, 18, 23, 48, 20, 42, 2, 9
31/01/2014, 10, 15, 31, 8, 16, 8, 9
04/02/2014, 37, 1, 33, 21, 38, 8, 4
07/02/2014, 17, 19, 47, 3, 46, 9, 10
11/02/2014, 47, 25, 8, 17, 41, 1, 2
14/02/2014, 19, 39, 4, 2, 6, 2, 7
18/02/2014, 36, 37, 26, 23, 49, 6, 7
21/02/2014, 28, 13, 17, 30, 32, 5, 7
25/02/2014, 42, 21, 25, 28, 35, 6, 4
28/02/2014, 38, 44, 32, 12, 43, 2, 7
04/03/2014, 3, 22, 5, 27, 44, 6, 1
07/03/2014, 38, 10, 40, 5, 41, 1, 8
11/03/2014, 1, 4, 44, 33, 23, 8, 7
14/03/2014, 30, 24, 6, 27, 25, 9, 5
18/03/2014, 27, 36, 34, 8, 39, 5, 10
21/03/2014, 37, 7, 39, 30, 42, 7, 5
25/03/2014, 28, 50, 26, 7, 20, 8, 2
28/03/2014, 3, 43, 19, 28, 4, 3, 7
01/04/2014, 44, 38, 18, 16, 26, 10, 8
04/04/2014, 50, 45, 28, 6, 10, 10, 11
08/04/2014, 42, 11, 29, 18, 49, 11, 4
11/04/2014, 8, 33, 30, 12, 19, 4, 11
15/04/2014, 14, 50, 47, 26, 3, 7, 11
18/04/2014, 21, 47, 31, 39, 24, 3, 7
