Date,Winning Numbers,(As Drawn),Thunderball
12/05/2010,21, 32, 24, 11, 38,10
14/05/2010,20, 17, 7, 26, 31,1
15/05/2010,11, 21, 23, 33, 37,4
19/05/2010,14, 15, 12, 8, 4,12
21/05/2010,9, 18, 25, 1, 14,2
22/05/2010,24, 4, 3, 23, 12,8
26/05/2010,39, 20, 34, 12, 33,2
28/05/2010,26, 36, 10, 39, 27,4
29/05/2010,31, 8, 15, 1, 11,12
02/06/2010,28, 9, 22, 35, 23,7
04/06/2010,23, 2, 36, 6, 33,8
05/06/2010,33, 35, 20, 32, 39,10
09/06/2010,32, 1, 19, 18, 11,11
11/06/2010,29, 19, 27, 4, 18,8
12/06/2010,31, 6, 18, 7, 9,14
16/06/2010,11, 18, 37, 28, 31,3
18/06/2010,39, 7, 22, 5, 23,4
19/06/2010,16, 30, 13, 5, 12,8
23/06/2010,4, 36, 26, 16, 27,9
25/06/2010,36, 1, 7, 11, 15,5
26/06/2010,11, 34, 33, 20, 1,3
30/06/2010,4, 1, 32, 19, 7,2
02/07/2010,19, 17, 31, 34, 23,1
03/07/2010,14, 24, 25, 27, 31,4
07/07/2010,3, 24, 9, 2, 25,3
09/07/2010,33, 35, 21, 2, 38,10
10/07/2010,1, 18, 20, 16, 31,13
14/07/2010,32, 38, 19, 25, 30,4
16/07/2010,31, 14, 19, 21, 22,1
17/07/2010,33, 11, 39, 26, 8,12
21/07/2010,34, 7, 19, 21, 24,1
23/07/2010,39, 16, 2, 23, 4,8
24/07/2010,12, 7, 25, 1, 10,13
28/07/2010,37, 11, 24, 34, 5,10
30/07/2010,21, 17, 31, 4, 37,6
31/07/2010,20, 23, 14, 32, 37,13
04/08/2010,28, 38, 27, 12, 35,4
06/08/2010,31, 12, 27, 9, 2,4
07/08/2010,24, 10, 37, 3, 9,14
11/08/2010,12, 20, 38, 13, 28,5
13/08/2010,13, 10, 38, 34, 23,9
14/08/2010,17, 39, 26, 30, 23,11
18/08/2010,25, 39, 2, 7, 18,9
20/08/2010,13, 3, 5, 15, 7,1
21/08/2010,24, 8, 15, 36, 27,9
25/08/2010,25, 39, 11, 19, 13,6
27/08/2010,11, 18, 27, 6, 3,7
28/08/2010,35, 32, 11, 17, 37,6
01/09/2010,12, 21, 28, 8, 17,8
03/09/2010,1, 30, 25, 38, 31,5
04/09/2010,29, 34, 16, 11, 23,3
08/09/2010,27, 8, 13, 34, 25,5
10/09/2010,20, 32, 21, 11, 15,14
11/09/2010,28, 23, 29, 26, 24,1
15/09/2010,3, 38, 6, 16, 15,4
17/09/2010,16, 15, 29, 12, 35,12
18/09/2010,7, 19, 8, 11, 28,10
22/09/2010,29, 13, 33, 10, 6,12
24/09/2010,8, 17, 24, 30, 21,13
25/09/2010,26, 32, 18, 9, 24,11
29/09/2010,7, 34, 4, 33, 13,3
01/10/2010,27, 26, 13, 29, 23,9
02/10/2010,21, 1, 31, 33, 22,2
06/10/2010,14, 2, 30, 23, 34,3
08/10/2010,5, 1, 8, 16, 7,7
09/10/2010,24, 23, 32, 20, 12,10
13/10/2010,25, 34, 13, 26, 6,14
15/10/2010,5, 31, 8, 26, 32,8
16/10/2010,26, 20, 14, 10, 23,3
20/10/2010,2, 39, 10, 36, 29,1
22/10/2010,37, 14, 29, 31, 23,3
23/10/2010,39, 17, 4, 21, 32,5
27/10/2010,1, 34, 4, 9, 18,14
29/10/2010,7, 32, 36, 3, 15,10
30/10/2010,39, 28, 20, 32, 3,8
03/11/2010,4, 34, 28, 33, 21,8
05/11/2010,10, 8, 38, 28, 36,3
06/11/2010,9, 25, 24, 38, 23,1
10/11/2010,1, 30, 27, 10, 21,2
12/11/2010,15, 37, 12, 19, 33,4
13/11/2010,10, 5, 23, 6, 36,6
17/11/2010,10, 35, 14, 24, 13,13
19/11/2010,7, 37, 25, 31, 13,10
20/11/2010,15, 35, 37, 10, 20,3
24/11/2010,38, 15, 7, 37, 32,11
26/11/2010,26, 31, 16, 14, 10,9
27/11/2010,10, 37, 9, 7, 20,13
01/12/2010,7, 19, 28, 22, 9,14
03/12/2010,3, 1, 35, 19, 24,3
04/12/2010,19, 4, 26, 18, 20,8
08/12/2010,34, 13, 19, 38, 4,1
10/12/2010,33, 23, 26, 27, 35,1
11/12/2010,38, 35, 16, 33, 26,12
15/12/2010,23, 32, 1, 20, 31,9
17/12/2010,29, 25, 28, 39, 5,10
18/12/2010,12, 2, 21, 8, 17,6
22/12/2010,17, 36, 6, 12, 33,14
24/12/2010,31, 9, 11, 37, 25,4
25/12/2010,12, 14, 13, 7, 9,13
29/12/2010,20, 14, 1, 13, 19,13
31/12/2010,30, 5, 11, 34, 16,10
01/01/2011,36, 38, 1, 27, 33,5
05/01/2011,27, 37, 9, 3, 31,6
07/01/2011,7, 3, 17, 27, 15,4
08/01/2011,28, 4, 26, 1, 13,6
12/01/2011,17, 34, 37, 32, 28,9
14/01/2011,17, 2, 34, 36, 4,1
15/01/2011,8, 20, 5, 24, 11,3
19/01/2011,28, 12, 10, 1, 19,11
21/01/2011,27, 36, 6, 14, 8,10
22/01/2011,36, 18, 21, 6, 9,13
26/01/2011,21, 39, 26, 28, 38,5
28/01/2011,12, 25, 19, 1, 7,1
29/01/2011,26, 14, 31, 27, 29,3
02/02/2011,37, 23, 16, 6, 11,13
04/02/2011,6, 15, 22, 21, 12,3
05/02/2011,17, 28, 22, 19, 9,5
09/02/2011,24, 2, 22, 34, 13,14
11/02/2011,15, 23, 5, 26, 3,11
12/02/2011,2, 25, 17, 10, 23,12
16/02/2011,15, 37, 1, 24, 9,2
18/02/2011,38, 7, 29, 28, 1,3
19/02/2011,30, 29, 37, 24, 19,10
23/02/2011,21, 35, 27, 3, 2,10
25/02/2011,21, 3, 4, 32, 19,10
26/02/2011,5, 9, 8, 31, 18,11
02/03/2011,28, 5, 31, 3, 21,8
04/03/2011,9, 39, 10, 3, 15,8
05/03/2011,15, 8, 16, 25, 10,14
09/03/2011,6, 4, 3, 29, 18,12
11/03/2011,4, 32, 27, 16, 26,11
12/03/2011,15, 25, 18, 34, 39,4
16/03/2011,33, 19, 10, 20, 11,2
18/03/2011,26, 15, 6, 12, 21,11
19/03/2011,10, 36, 33, 20, 5,14
23/03/2011,29, 10, 38, 5, 6,5
25/03/2011,16, 32, 8, 19, 10,10
26/03/2011,16, 21, 8, 35, 32,14
30/03/2011,38, 32, 30, 22, 11,11
01/04/2011,15, 24, 36, 21, 12,8
02/04/2011,35, 25, 14, 15, 11,8
06/04/2011,31, 29, 35, 21, 7,10
08/04/2011,12, 21, 25, 6, 36,8
09/04/2011,27, 1, 19, 29, 16,4
13/04/2011,22, 37, 30, 38, 27,5
15/04/2011,26, 22, 38, 8, 31,2
16/04/2011,37, 28, 12, 24, 39,9
20/04/2011,33, 19, 39, 17, 27,6
22/04/2011,25, 32, 11, 24, 23,6
23/04/2011,2, 16, 15, 14, 37,2
27/04/2011,17, 12, 35, 39, 14,10
29/04/2011,30, 2, 19, 28, 17,13
30/04/2011,28, 32, 5, 7, 24,6
04/05/2011,25, 35, 3, 1, 13,13
06/05/2011,2, 21, 15, 8, 23,7
07/05/2011,17, 6, 16, 19, 12,5
11/05/2011,9, 38, 36, 15, 37,7
13/05/2011,12, 39, 14, 27, 4,11
14/05/2011,3, 4, 10, 11, 20,5
18/05/2011,4, 8, 39, 20, 29,3
20/05/2011,15, 9, 32, 7, 29,3
21/05/2011,8, 10, 28, 3, 6,10
25/05/2011,31, 26, 7, 8, 28,3
27/05/2011,30, 20, 29, 14, 17,5
28/05/2011,21, 16, 27, 14, 37,6
01/06/2011,39, 32, 31, 19, 12,1
03/06/2011,31, 16, 26, 37, 22,11
04/06/2011,20, 6, 13, 35, 36,6
08/06/2011,3, 39, 38, 15, 30,10
10/06/2011,29, 11, 13, 2, 38,8
11/06/2011,9, 19, 22, 30, 8,7
15/06/2011,32, 16, 23, 5, 11,5
17/06/2011,30, 26, 32, 29, 28,11
18/06/2011,12, 10, 29, 8, 18,12
22/06/2011,26, 10, 30, 21, 16,8
24/06/2011,28, 5, 4, 7, 6,3
25/06/2011,8, 32, 33, 37, 6,6
29/06/2011,37, 14, 36, 1, 27,8
01/07/2011,10, 7, 21, 5, 34,11
02/07/2011,34, 2, 9, 17, 16,4
06/07/2011,17, 11, 25, 36, 27,11
08/07/2011,36, 13, 8, 26, 39,14
09/07/2011,11, 10, 27, 29, 32,6
13/07/2011,12, 9, 26, 18, 38,1
15/07/2011,6, 18, 10, 23, 38,1
16/07/2011,28, 30, 22, 21, 24,10
20/07/2011,10, 20, 30, 32, 22,5
22/07/2011,8, 10, 28, 18, 31,8
23/07/2011,4, 21, 24, 30, 20,11
27/07/2011,38, 13, 35, 8, 25,3
29/07/2011,37, 24, 26, 13, 17,11
30/07/2011,24, 3, 17, 28, 32,7
03/08/2011,25, 14, 27, 12, 20,9
05/08/2011,8, 6, 20, 23, 39,8
06/08/2011,4, 8, 36, 23, 3,8
10/08/2011,13, 21, 31, 2, 1,13
12/08/2011,25, 4, 23, 19, 22,2
13/08/2011,31, 32, 23, 17, 4,9
17/08/2011,16, 11, 23, 2, 31,2
19/08/2011,27, 15, 34, 1, 39,1
20/08/2011,11, 22, 6, 7, 33,10
24/08/2011,20, 29, 6, 30, 5,11
26/08/2011,31, 28, 1, 35, 32,12
27/08/2011,23, 28, 30, 22, 15,11
31/08/2011,15, 29, 38, 2, 20,3
02/09/2011,7, 24, 25, 29, 8,8
03/09/2011,15, 21, 26, 12, 22,8
07/09/2011,16, 5, 26, 38, 20,4
09/09/2011,10, 38, 2, 30, 1,13
10/09/2011,31, 11, 30, 9, 36,2
14/09/2011,12, 31, 10, 13, 36,3
16/09/2011,33, 23, 28, 26, 18,10
17/09/2011,20, 3, 39, 10, 37,13
21/09/2011,15, 23, 13, 2, 4,13
23/09/2011,22, 36, 31, 19, 27,3
24/09/2011,15, 37, 14, 22, 25,7
28/09/2011,29, 31, 22, 13, 32,3
30/09/2011,25, 3, 33, 36, 10,2
01/10/2011,10, 15, 3, 14, 9,13
05/10/2011,26, 8, 9, 30, 2,5
07/10/2011,33, 30, 7, 3, 24,4
08/10/2011,18, 39, 8, 37, 3,8
12/10/2011,12, 32, 13, 28, 16,13
14/10/2011,35, 23, 10, 30, 20,14
15/10/2011,17, 31, 24, 19, 1,6
19/10/2011,20, 13, 36, 1, 21,1
21/10/2011,2, 9, 21, 4, 25,14
22/10/2011,17, 33, 5, 38, 28,3
26/10/2011,28, 13, 6, 19, 24,11
28/10/2011,30, 33, 16, 19, 11,3
29/10/2011,15, 29, 23, 26, 21,9
02/11/2011,25, 12, 36, 24, 6,5
04/11/2011,20, 6, 26, 10, 35,2
05/11/2011,24, 39, 23, 12, 33,13
09/11/2011,28, 17, 9, 24, 36,6
11/11/2011,30, 38, 35, 24, 8,7
12/11/2011,35, 19, 18, 6, 7,6
16/11/2011,19, 4, 21, 30, 27,6
18/11/2011,30, 16, 32, 34, 29,12
19/11/2011,39, 15, 1, 13, 30,14
23/11/2011,31, 11, 4, 28, 20,6
25/11/2011,7, 13, 22, 24, 39,1
26/11/2011,7, 8, 22, 17, 25,6
30/11/2011,17, 7, 28, 18, 31,8
02/12/2011,35, 22, 19, 28, 30,10
03/12/2011,32, 4, 17, 36, 19,7
07/12/2011,35, 38, 29, 31, 6,9
09/12/2011,33, 20, 30, 26, 15,7
10/12/2011,14, 20, 30, 24, 7,6
14/12/2011,26, 10, 1, 7, 9,4
16/12/2011,27, 28, 23, 17, 34,5
17/12/2011,29, 2, 27, 5, 9,8
21/12/2011,38, 14, 5, 20, 21,3
23/12/2011,22, 17, 29, 31, 4,4
24/12/2011,7, 39, 6, 20, 18,4
28/12/2011,34, 5, 7, 39, 11,2
30/12/2011,16, 18, 13, 25, 5,1
31/12/2011,16, 32, 24, 8, 21,6
04/01/2012,38, 37, 2, 18, 14,3
06/01/2012,30, 16, 28, 17, 8,9
07/01/2012,17, 34, 18, 23, 30,11
11/01/2012,28, 19, 38, 29, 9,6
13/01/2012,14, 9, 30, 2, 17,14
14/01/2012,33, 16, 17, 4, 32,4
18/01/2012,7, 25, 23, 2, 4,10
20/01/2012,9, 20, 24, 2, 11,2
21/01/2012,36, 34, 5, 7, 31,8
25/01/2012,29, 16, 9, 19, 36,1
27/01/2012,30, 31, 17, 27, 39,11
28/01/2012,20, 7, 38, 37, 3,1
01/02/2012,17, 38, 23, 26, 29,9
03/02/2012,10, 7, 31, 28, 19,3
04/02/2012,24, 18, 35, 23, 21,1
08/02/2012,12, 22, 5, 37, 28,12
10/02/2012,33, 39, 9, 22, 34,1
11/02/2012,17, 28, 32, 21, 6,8
15/02/2012,18, 19, 39, 1, 11,7
17/02/2012,31, 3, 33, 28, 38,5
18/02/2012,20, 15, 23, 33, 3,8
22/02/2012,30, 12, 9, 37, 28,4
24/02/2012,36, 28, 9, 17, 18,4
25/02/2012,3, 39, 22, 24, 36,10
29/02/2012,30, 2, 34, 36, 7,11
02/03/2012,10, 26, 2, 1, 32,11
03/03/2012,30, 6, 27, 13, 1,12
07/03/2012,8, 11, 19, 15, 33,14
09/03/2012,7, 29, 4, 33, 6,1
10/03/2012,29, 2, 34, 15, 21,9
14/03/2012,22, 29, 36, 34, 13,3
16/03/2012,15, 37, 30, 9, 29,13
17/03/2012,32, 18, 29, 15, 16,3
21/03/2012,32, 15, 1, 18, 2,13
23/03/2012,14, 4, 2, 30, 24,12
24/03/2012,31, 6, 32, 33, 18,13
28/03/2012,4, 11, 27, 16, 13,11
30/03/2012,2, 4, 17, 23, 20,4
31/03/2012,27, 24, 22, 30, 10,10
04/04/2012,5, 21, 10, 4, 34,5
06/04/2012,1, 17, 24, 37, 22,12
07/04/2012,1, 17, 37, 36, 31,5
11/04/2012,14, 10, 17, 20, 32,14
13/04/2012,32, 29, 5, 26, 31,11
14/04/2012,18, 7, 8, 1, 16,4
18/04/2012,5, 20, 24, 3, 30,8
20/04/2012,3, 19, 28, 21, 12,14
21/04/2012,8, 21, 13, 6, 18,5
25/04/2012,3, 32, 35, 11, 4,6
27/04/2012,36, 23, 18, 25, 2,10
28/04/2012,21, 8, 36, 34, 6,6
02/05/2012,22, 23, 16, 36, 13,4
04/05/2012,20, 17, 38, 28, 25,1
05/05/2012,18, 32, 27, 9, 11,13
09/05/2012,5, 15, 32, 37, 4,12
11/05/2012,6, 17, 32, 1, 4,1
12/05/2012,11, 39, 14, 17, 23,2
16/05/2012,28, 15, 36, 29, 9,5
18/05/2012,24, 32, 2, 27, 25,8
19/05/2012,12, 36, 4, 22, 31,12
23/05/2012,17, 5, 18, 9, 14,13
25/05/2012,13, 14, 18, 36, 27,10
26/05/2012,34, 39, 30, 21, 35,8
30/05/2012,33, 20, 16, 22, 12,5
01/06/2012,14, 26, 21, 29, 5,5
02/06/2012,15, 3, 22, 28, 39,6
06/06/2012,34, 13, 15, 3, 30,2
08/06/2012,23, 39, 25, 19, 30,13
09/06/2012,31, 4, 28, 22, 18,4
13/06/2012,5, 27, 17, 19, 32,12
15/06/2012,11, 26, 34, 27, 30,11
16/06/2012,26, 10, 18, 37, 31,8
20/06/2012,2, 29, 10, 13, 26,9
22/06/2012,4, 34, 25, 16, 20,11
23/06/2012,13, 33, 38, 30, 11,8
27/06/2012,18, 19, 3, 16, 38,7
29/06/2012,25, 15, 28, 4, 6,14
30/06/2012,12, 21, 6, 15, 3,12
04/07/2012,25, 8, 15, 32, 20,10
06/07/2012,15, 12, 29, 19, 18,10
07/07/2012,33, 24, 1, 18, 7,3
11/07/2012,1, 13, 32, 16, 26,13
13/07/2012,2, 22, 14, 29, 27,12
14/07/2012,18, 9, 12, 39, 36,5
18/07/2012,28, 38, 20, 23, 5,12
20/07/2012,28, 6, 21, 9, 12,1
21/07/2012,10, 23, 27, 8, 20,2
25/07/2012,27, 3, 9, 6, 5,8
27/07/2012,35, 1, 33, 28, 32,13
28/07/2012,13, 32, 9, 1, 29,5
01/08/2012,22, 9, 18, 6, 26,14
03/08/2012,6, 38, 7, 25, 13,11
04/08/2012,3, 15, 32, 28, 29,13
08/08/2012,25, 14, 27, 31, 26,11
10/08/2012,35, 8, 34, 1, 17,8
11/08/2012,3, 28, 23, 26, 17,12
15/08/2012,32, 5, 20, 30, 22,4
17/08/2012,21, 33, 7, 20, 2,12
18/08/2012,10, 13, 29, 4, 7,3
22/08/2012,13, 1, 21, 4, 15,10
24/08/2012,20, 17, 10, 12, 31,6
25/08/2012,4, 3, 11, 23, 10,5
29/08/2012,13, 10, 39, 20, 17,12
31/08/2012,25, 2, 12, 24, 21,8
01/09/2012,23, 30, 19, 1, 8,8
05/09/2012,3, 23, 19, 5, 9,11
07/09/2012,32, 8, 15, 13, 22,8
08/09/2012,20, 16, 25, 28, 23,2
12/09/2012,36, 18, 23, 17, 39,7
14/09/2012,18, 16, 5, 21, 30,14
15/09/2012,28, 31, 37, 10, 11,14
19/09/2012,27, 33, 35, 26, 28,13
21/09/2012,8, 4, 5, 34, 17,4
22/09/2012,28, 33, 32, 2, 18,7
26/09/2012,2, 14, 21, 3, 37,9
28/09/2012,39, 19, 32, 27, 18,12
29/09/2012,13, 20, 9, 16, 2,3
03/10/2012,29, 39, 12, 10, 15,11
05/10/2012,20, 2, 25, 32, 11,6
06/10/2012,1, 39, 33, 10, 35,4
10/10/2012,30, 38, 2, 35, 34,12
12/10/2012,15, 39, 12, 27, 20,4
13/10/2012,25, 14, 7, 23, 36,4
17/10/2012,31, 9, 33, 2, 16,11
19/10/2012,25, 8, 30, 2, 9,7
20/10/2012,21, 3, 27, 18, 34,5
24/10/2012,6, 29, 16, 34, 7,14
26/10/2012,4, 16, 25, 5, 28,7
27/10/2012,28, 19, 16, 15, 6,10
31/10/2012,34, 33, 19, 10, 21,3
02/11/2012,29, 26, 34, 20, 24,7
03/11/2012,38, 7, 30, 8, 39,11
07/11/2012,8, 3, 6, 7, 39,3
09/11/2012,24, 27, 31, 18, 33,4
10/11/2012,12, 21, 32, 38, 28,12
14/11/2012,23, 3, 20, 26, 30,8
16/11/2012,18, 14, 37, 34, 8,6
17/11/2012,8, 20, 36, 38, 31,1
21/11/2012,31, 26, 15, 11, 35,4
23/11/2012,2, 6, 19, 18, 4,12
24/11/2012,11, 29, 32, 36, 18,11
28/11/2012,29, 33, 14, 19, 12,6
30/11/2012,10, 34, 24, 18, 19,12
01/12/2012,25, 32, 26, 31, 17,1
05/12/2012,12, 38, 24, 14, 9,14
07/12/2012,10, 30, 39, 15, 2,2
08/12/2012,34, 29, 19, 10, 13,2
12/12/2012,4, 9, 21, 27, 39,9
14/12/2012,29, 34, 9, 22, 15,4
15/12/2012,22, 15, 39, 31, 23,9
19/12/2012,31, 10, 17, 37, 4,10
21/12/2012,34, 2, 23, 21, 19,11
22/12/2012,24, 30, 19, 21, 18,12
26/12/2012,32, 3, 31, 36, 2,13
28/12/2012,39, 38, 8, 7, 6,9
29/12/2012,35, 30, 36, 38, 12,12
02/01/2013,38, 2, 32, 17, 34,6
04/01/2013,24, 28, 14, 6, 17,2
05/01/2013,39, 3, 34, 10, 27,11
09/01/2013,12, 24, 4, 11, 14,8
11/01/2013,25, 3, 7, 21, 37,5
12/01/2013,39, 26, 30, 31, 6,12
16/01/2013,31, 2, 27, 17, 32,8
18/01/2013,23, 1, 22, 5, 30,8
19/01/2013,26, 8, 22, 6, 24,11
23/01/2013,20, 27, 13, 29, 32,12
25/01/2013,35, 8, 12, 18, 23,2
26/01/2013,25, 34, 4, 20, 33,4
30/01/2013,22, 31, 24, 21, 28,2
01/02/2013,32, 13, 33, 5, 17,4
02/02/2013,6, 16, 33, 17, 28,1
06/02/2013,6, 14, 31, 27, 35,1
08/02/2013,25, 27, 23, 7, 35,5
09/02/2013,9, 22, 6, 38, 8,8
13/02/2013,39, 14, 8, 4, 38,12
15/02/2013,20, 38, 30, 31, 9,2
16/02/2013,31, 4, 22, 18, 28,6
20/02/2013,24, 11, 1, 6, 14,4
22/02/2013,21, 8, 26, 32, 2,6
23/02/2013,33, 38, 20, 18, 26,1
27/02/2013,8, 25, 31, 2, 29,13
01/03/2013,15, 18, 14, 22, 6,14
02/03/2013,23, 20, 29, 3, 38,11
06/03/2013,29, 36, 1, 26, 16,9
08/03/2013,28, 21, 22, 5, 13,12
09/03/2013,36, 34, 9, 15, 31,12
13/03/2013,32, 31, 21, 22, 19,4
15/03/2013,10, 18, 35, 7, 30,5
16/03/2013,1, 26, 29, 19, 22,1
20/03/2013,7, 14, 15, 30, 3,5
22/03/2013,33, 17, 19, 25, 6,1
23/03/2013,18, 13, 7, 28, 33,3
27/03/2013,39, 31, 9, 17, 10,5
29/03/2013,33, 26, 20, 10, 6,9
30/03/2013,3, 20, 23, 25, 32,12
03/04/2013,19, 7, 11, 13, 22,14
05/04/2013,22, 2, 17, 19, 32,7
06/04/2013,17, 27, 18, 6, 8,1
10/04/2013,33, 13, 32, 31, 3,11
12/04/2013,37, 36, 19, 8, 6,11
13/04/2013,15, 9, 3, 11, 19,12
17/04/2013,19, 2, 29, 12, 25,2
19/04/2013,7, 10, 9, 29, 13,5
20/04/2013,32, 29, 36, 31, 27,2
24/04/2013,33, 5, 36, 2, 20,12
26/04/2013,5, 20, 6, 14, 7,7
27/04/2013,28, 34, 17, 30, 5,12
01/05/2013,28, 5, 25, 29, 22,5
03/05/2013,9, 29, 38, 30, 13,14
04/05/2013,31, 30, 3, 24, 37,5
08/05/2013,28, 6, 20, 17, 9,9
10/05/2013,7, 27, 31, 15, 20,11
11/05/2013,27, 11, 17, 31, 22,7
15/05/2013,28, 11, 38, 22, 32,6
17/05/2013,19, 1, 3, 21, 13,11
18/05/2013,29, 5, 20, 3, 23,13
22/05/2013,20, 14, 13, 7, 36,10
24/05/2013,26, 39, 31, 18, 10,6
25/05/2013,7, 29, 31, 5, 21,7
29/05/2013,32, 9, 2, 3, 19,10
31/05/2013,35, 23, 14, 8, 39,14
01/06/2013,39, 13, 26, 22, 15,8
05/06/2013,17, 6, 39, 27, 15,5
07/06/2013,8, 6, 10, 35, 24,1
08/06/2013,31, 38, 20, 19, 2,10
12/06/2013,15, 35, 2, 4, 20,13
14/06/2013,22, 20, 16, 39, 37,3
15/06/2013,14, 16, 39, 18, 22,2
19/06/2013,9, 21, 22, 26, 28,6
21/06/2013,35, 13, 2, 20, 34,11
22/06/2013,38, 2, 23, 11, 32,7
26/06/2013,3, 16, 22, 9, 35,12
28/06/2013,8, 23, 11, 29, 38,8
29/06/2013,5, 32, 25, 8, 24,9
03/07/2013,39, 28, 35, 15, 8,3
05/07/2013,21, 25, 2, 20, 38,4
06/07/2013,5, 8, 13, 23, 7,7
10/07/2013,30, 21, 7, 19, 36,14
12/07/2013,15, 4, 11, 7, 20,10
13/07/2013,12, 39, 38, 20, 37,3
17/07/2013,33, 26, 32, 29, 5,10
19/07/2013,10, 17, 36, 30, 35,11
20/07/2013,15, 23, 21, 18, 38,3
24/07/2013,26, 11, 25, 29, 8,4
26/07/2013,19, 39, 5, 30, 16,7
27/07/2013,24, 34, 16, 21, 18,6
31/07/2013,19, 16, 14, 31, 21,3
02/08/2013,10, 20, 25, 8, 27,3
03/08/2013,28, 35, 23, 38, 26,10
07/08/2013,25, 4, 19, 31, 18,5
09/08/2013,2, 22, 15, 29, 5,7
10/08/2013,22, 10, 30, 35, 31,12
14/08/2013,2, 8, 22, 4, 7,5
16/08/2013,28, 18, 32, 35, 4,11
17/08/2013,37, 1, 30, 4, 6,2
21/08/2013,20, 5, 38, 13, 6,14
23/08/2013,1, 10, 25, 39, 8,7
24/08/2013,36, 22, 33, 30, 7,9
28/08/2013,22, 12, 24, 4, 3,6
30/08/2013,9, 32, 8, 13, 20,11
31/08/2013,12, 37, 10, 8, 34,13
04/09/2013,38, 21, 36, 29, 35,2
06/09/2013,10, 25, 32, 22, 34,10
07/09/2013,26, 34, 29, 14, 25,7
11/09/2013,14, 2, 29, 35, 7,1
13/09/2013,1, 26, 34, 14, 39,4
14/09/2013,18, 30, 2, 23, 31,5
18/09/2013,30, 18, 38, 25, 16,14
20/09/2013,3, 26, 2, 37, 17,9
21/09/2013,25, 4, 27, 30, 33,1
25/09/2013,13, 24, 33, 28, 4,7
27/09/2013,28, 27, 32, 26, 25,6
28/09/2013,29, 39, 38, 30, 5,13
02/10/2013,12, 28, 34, 6, 30,5
04/10/2013,4, 22, 34, 20, 10,2
05/10/2013,33, 39, 22, 13, 37,8
09/10/2013,10, 5, 1, 37, 18,14
11/10/2013,17, 37, 1, 13, 39,14
12/10/2013,31, 36, 16, 23, 21,5
16/10/2013,18, 24, 6, 1, 31,3
18/10/2013,22, 20, 12, 18, 37,11
19/10/2013,38, 11, 21, 27, 33,6
23/10/2013,24, 16, 26, 17, 34,2
25/10/2013,19, 38, 25, 24, 6,3
26/10/2013,15, 17, 36, 1, 16,14
30/10/2013,30, 24, 22, 10, 38,14
01/11/2013,2, 9, 1, 34, 10,7
02/11/2013,24, 21, 38, 12, 16,7
06/11/2013,3, 37, 6, 14, 7,14
08/11/2013,26, 3, 38, 33, 9,14
09/11/2013,18, 27, 22, 14, 21,1
13/11/2013,25, 27, 21, 10, 2,2
15/11/2013,32, 28, 29, 22, 2,5
16/11/2013,5, 13, 2, 37, 7,1
20/11/2013,19, 16, 11, 14, 1,9
22/11/2013,24, 10, 38, 22, 9,4
23/11/2013,22, 13, 15, 35, 30,1
27/11/2013,3, 11, 32, 15, 33,5
29/11/2013,28, 14, 4, 8, 30,11
30/11/2013,21, 25, 4, 6, 17,2
04/12/2013,28, 16, 35, 12, 33,8
06/12/2013,8, 39, 27, 32, 6,1
07/12/2013,11, 22, 13, 2, 12,9
11/12/2013,36, 31, 33, 16, 5,13
13/12/2013,34, 27, 15, 4, 13,10
14/12/2013,19, 12, 24, 2, 13,11
18/12/2013,3, 15, 32, 30, 5,3
20/12/2013,14, 6, 21, 39, 20,7
21/12/2013,35, 18, 36, 20, 32,13
25/12/2013,33, 26, 29, 13, 2,7
27/12/2013,25, 5, 2, 11, 39,13
28/12/2013,17, 24, 35, 16, 23,5
01/01/2014,33, 10, 5, 11, 31,13
03/01/2014,22, 15, 33, 2, 8,8
04/01/2014,1, 38, 10, 6, 39,14
08/01/2014,22, 23, 21, 16, 18,12
10/01/2014,2, 39, 20, 35, 9,4
11/01/2014,22, 16, 8, 24, 36,2
15/01/2014,26, 22, 16, 3, 20,11
17/01/2014,22, 2, 18, 37, 21,6
18/01/2014,38, 33, 9, 39, 5,3
22/01/2014,20, 38, 13, 37, 18,1
24/01/2014,10, 29, 5, 7, 12,3
25/01/2014,3, 34, 1, 23, 4,12
29/01/2014,36, 27, 39, 5, 38,9
31/01/2014,22, 30, 21, 12, 1,13
01/02/2014,13, 20, 31, 14, 32,11
05/02/2014,28, 31, 5, 10, 17,13
07/02/2014,7, 16, 2, 11, 39,10
08/02/2014,5, 16, 38, 4, 30,1
12/02/2014,14, 32, 4, 18, 16,12
14/02/2014,39, 5, 15, 13, 23,14
15/02/2014,6, 17, 18, 14, 7,11
19/02/2014,9, 20, 2, 8, 32,14
21/02/2014,37, 7, 10, 29, 35,10
22/02/2014,32, 25, 31, 24, 38,12
26/02/2014,27, 24, 14, 19, 9,7
28/02/2014,26, 38, 7, 6, 3,7
01/03/2014,22, 24, 8, 10, 29,13
05/03/2014,17, 35, 22, 14, 19,12
07/03/2014,24, 3, 37, 12, 30,5
08/03/2014,32, 29, 17, 20, 12,12
12/03/2014,15, 36, 25, 5, 26,12
14/03/2014,7, 9, 31, 28, 13,7
15/03/2014,31, 14, 33, 22, 29,12
01/03/2014,22, 24, 8, 10, 29,13
05/03/2014,17, 35, 22, 14, 19,12
07/03/2014,24, 3, 37, 12, 30,5
08/03/2014,32, 29, 17, 20, 12,12
12/03/2014,15, 36, 25, 5, 26,12
14/03/2014,7, 9, 31, 28, 13,7
15/03/2014,31, 14, 33, 22, 29,12
19/03/2014,3, 1, 27, 20, 28,8
21/03/2014,18, 27, 17, 23, 11,5
22/03/2014,18, 12, 1, 29, 19,14
26/03/2014,23, 21, 26, 25, 18,8
28/03/2014,4, 8, 17, 7, 38,7
29/03/2014,22, 13, 16, 5, 31,11
02/04/2014,30, 18, 21, 29, 11,4
04/04/2014,2, 37, 34, 20, 39,10
05/04/2014,30, 36, 39, 9, 28,11
09/04/2014,26, 7, 2, 8, 13,10
11/04/2014,21, 38, 6, 14, 37,9
12/04/2014,9, 14, 12, 19, 13,3
16/04/2014,25, 7, 19, 16, 27,2
18/04/2014,31, 21, 35, 30, 14,12
19/04/2014,38, 7, 24, 9, 1,6
